239.491
235.1
235.378
246.283
247.738
224.021
259.885
236.503
248.22
233.927
234.344
225.738
223.969
225.857
226.332
236.509
231.247
252.531
229.629
224.978
224.074
225.118
224.039
225.016
224.081
224.942
225.099
224.686
225.185
227.881
225.099
226.458
225.027
228.593
224.937
224.93
224.371
225.023
224.283
226.433
225.025
224.923
228.942
223.797
230.104
228.366
227.415
225.446
223.744
225.519
224.294
231.324
230.676
224.786
225.831
226.848
224.185
228.741
225.83
224.196
229.964
224.289
225.429
225.215
233.236
224.395
226.678
226.777
223.899
228.428
230.302
182.221
177.168
224.587
175.494
224.517
223.834
234.658
228.473
223.89
229.058
223.812
228.427
232.878
227.282
230.569
233.906
231.291
228.258
228.221
224.232
224.232
224.087
224.102
224.346
223.623
223.65
223.87
223.853
223.658
