645.04
726.977
719.481
717.566
722.569
719.071
716.375
726.281
716.114
724.121
716.138
718.46
718.029
634.691
718.429
690.16
605.195
600.36
596.392
563.887
625.055
624.31
588.435
577.376
581.105
608.207
575.385
568.905
591.356
587.159
578.142
623.502
573.613
573.82
575.747
575.113
583.6
575.001
606.129
575.454
590.035
592.745
677.217
605.739
590.676
588.432
587.821
597.882
593.957
597.741
588.515
588.403
614.056
590.428
830.556
629.616
737.116
569.827
601.336
578.124
584.555
568.206
567.952
563.423
580.318
596.23
590.608
577.171
569.09
572.598
585.625
577.316
575.167
579.787
606.553
618.43
574.654
566.004
573.942
619.428
580.286
578.011
585.598
589.023
759.006
562.35
585.23
584.569
598.049
579.285
594.473
588.299
585.87
572.687
583.148
587.935
623.141
569.962
586.659
592.013
