2042.68
2056.27
2051.51
1803.97
1609.41
1594.32
1652.01
1639.37
1615.4
1641.26
1604.38
1601.81
1591.94
1609.91
1632.8
1653.85
1942.22
1658.65
2029.35
2028.85
1760.46
1584.26
1607.32
1796.46
1591.15
1672.03
1644.73
1645.58
1603.55
1617.92
1759.46
1676.44
1617.17
1621.55
1686.71
1652.38
1726.56
1599.98
1622.31
1603.96
1596.64
1623.25
1613.07
1607.74
1596.71
1612.88
1593.75
1638.71
1644.13
1599.59
1619.68
1602.45
1653.54
1674.42
1627.59
1579.96
1591.66
1585.52
1576.3
1636.03
1616.99
1606.35
1774.7
1612.83
1624.24
1620.86
1586.07
1587.44
1594.23
1611.95
1592.03
1637.4
1673.61
1642.11
1908.84
1560.97
1586.71
1667.78
1576.99
1580.34
1638.02
1575.97
1625.84
1594.85
1833.05
2025.82
2026.85
1942.25
1608.66
1874.22
1597.55
1579.24
1588.42
1630.27
1942.32
2030.33
2026.56
2027.82
1719.17
1591.68
