0.015002
0.011746
0.021054
0.024576
0.027585
0.038316
0.040469
0.138221
0.064996
0.01882
0.015323
0.016832
0.016715
0.023426
0.015516
0.097797
0.09719
0.012086
0.098061
0.015066
0.011997
0.023173
0.011981
0.016464
0.034993
0.016359
0.017041
0.100456
0.049725
0.025213
0.019852
0.015148
0.035603
0.018606
0.038673
0.016989
0.012526
0.022474
0.033308
0.100978
0.018627
0.098026
0.011688
0.024593
0.012048
0.037447
0.026733
0.02674
0.012073
0.022123
0.099709
0.024542
0.045209
0.016278
0.020066
0.048617
0.025173
0.024999
0.165115
0.025231
0.04749
0.024119
0.017862
0.012981
0.014859
0.018205
0.103042
0.011963
0.012409
0.012198
0.015821
0.0164
0.015442
0.13855
0.012437
0.025317
0.103096
0.097864
0.011709
0.016951
0.137551
0.01644
0.099347
0.01796
0.012165
0.012893
0.098761
0.098833
0.104984
0.012607
0.039588
0.012176
0.016349
0.036499
0.012416
0.010141
0.08792
0.018755
0.024874
0.025393
