1229.92
1229.33
1230.3
1228.65
1229.43
1228.79
1234.28
1150.62
1246.87
1011.38
989.013
973.906
1030.53
1053.65
1014.68
1058.24
1051.91
983.617
1197.19
1056.14
1015.92
983.022
969.96
1013.61
970.985
1047.81
1048.44
1051.04
1006.71
1291.76
1188.24
996.08
1000.93
969.406
1022.57
983.808
999.376
1008.17
999.868
985.333
971.388
979.783
987.882
1000.3
1026.62
998.467
981.038
986.371
973.466
967.37
967.602
981.211
992.135
981.076
975.83
970.438
990.399
969.674
965.919
976.387
985.136
971.985
997.202
969.073
966.502
975.793
972.711
972.301
987.103
1020.51
1024.57
1385.78
999.097
1007.98
977.394
962.936
967.283
975.192
986.143
982.459
1030.61
979.787
1037.43
979.324
1004.32
983.777
976.892
1024.03
988.37
1014.62
1013.24
979.325
1081.64
990.83
1012.89
1005.18
974.396
995.356
975.922
1233.19
