2.06356
1.66152
2.80928
3.2591
3.25623
3.29451
3.168
2.57569
2.10419
3.28075
2.63861
3.10756
1.73035
1.65701
1.66791
4.86327
1.67322
2.89472
1.68812
1.63379
3.26075
3.08886
1.83403
1.93951
2.30564
1.81181
3.12704
2.89132
3.07343
3.02571
1.84232
2.79774
1.86464
1.66928
2.52737
1.91186
1.66833
3.03469
1.64189
1.75999
1.86153
1.67299
2.50483
2.88116
3.04122
2.9682
3.08466
1.75644
1.76782
1.91501
2.77024
3.15977
3.02327
2.37966
2.91134
2.97011
2.77327
2.95682
3.43024
3.47726
3.11056
2.15907
2.19331
1.7895
2.22024
2.32833
2.23494
1.73964
2.24791
2.28968
1.80667
2.1314
1.7682
2.6652
2.37606
1.77026
1.70057
2.89906
2.14249
1.64027
2.23626
2.24397
1.68458
1.80213
1.74804
2.11879
1.66919
2.66189
1.77442
1.75512
1.74856
2.47843
2.56635
3.08842
1.34301
1.36457
1.321
3.04473
2.78567
3.33609
