0.295606
0.14728
0.327475
0.216898
0.21863
0.236385
0.234835
0.1865
0.323821
0.213838
0.381537
0.282652
0.146246
0.165937
0.135921
0.18781
0.183389
0.218489
0.160828
0.220231
0.240658
0.188116
0.162024
0.277886
0.136826
0.175341
0.281017
0.218162
0.226773
0.197761
0.185677
0.164836
0.163748
0.137154
0.136218
0.157178
0.136229
0.15383
0.163307
0.260451
0.136505
0.181265
0.228657
0.263594
0.283617
0.286384
0.149396
0.151945
0.199614
0.135595
0.136178
0.178327
0.364023
0.268947
0.217902
0.28492
0.266531
0.291671
0.220235
0.263129
0.407091
0.22879
0.272867
0.273232
0.179962
0.182179
0.23287
0.197623
0.19551
0.199174
0.16111
0.143804
0.147156
0.143213
0.280245
0.301282
0.217934
0.155689
0.158639
0.158553
0.135562
0.153488
0.137014
0.220419
0.15618
0.207595
0.137549
0.216333
0.228479
0.226263
0.152372
0.203494
0.166327
0.218068
0.15175
0.126819
0.437936
0.214462
0.290537
0.507794
