33.3843
34.1174
32.6665
33.8451
33.8155
33.9166
26.399
32.5475
35.54
33.9999
33.8918
29.272
19.2552
26.2414
21.9516
19.3311
19.7889
19.9487
29.3744
29.8368
22.2183
20.5454
32.6693
33.1063
22.546
30.7278
32.5361
33.8659
26.0931
21.5778
19.2646
23.4596
19.2389
19.3006
26.8005
21.6556
19.1733
20.1208
20.1721
19.3109
19.3418
20.7191
19.0345
24.3946
30.255
31.0673
32.5938
26.682
19.9631
22.2864
29.8127
32.5786
32.5453
27.8621
34.4045
33.407
35.6348
35.8741
36.2766
31.7166
19.9802
31.3758
24.0317
23.03
23.2528
23.4684
29.7209
22.7364
22.4977
19.9245
22.4001
21.8556
21.8772
30.8886
25.141
24.237
19.5279
29.9054
21.9691
22.5519
23.1115
31.7881
23.5508
19.1065
20.7666
22.5378
23.2373
30.7091
19.6551
19.1137
23.3556
19.1894
30.0582
30.7047
15.5319
15.2266
34.0293
29.3452
32.1107
31.7358
